org 0x7c00


# 测试I/O端口操作指令

# 设置视频模式
ax = 0x0003
execute 0x10

beep 1000

sa 0x55,0xaa
tm 510-$